Earth-connected source-surface track and open-structure summary

Earth-connected track definition:
Each OMNI sample was mapped back to a PFSS source-surface longitude using the speed-dependent ballistic lag already used in the correlation analysis.

Track summary by source-surface height:
 rss  total_rows  median_occupied_10deg_bins  mean_coverage_fraction_10deg  mean_lag_days  mean_shift_deg
 2.0        3821                        36.0                      0.990741       4.486479       59.091324
 2.5        3821                        36.0                      0.990741       4.475949       58.952633
 3.0        3821                        36.0                      0.990741       4.465419       58.813942

Open/source-surface structure definition:
Structure was summarized from longitude profiles of source-surface Br using unsigned-field strength, strong-field patch counts, and signed-Br sector-boundary counts.

Structure summary by source-surface height:
 rss  mean_equator_abs_br  mean_equator_sector_boundaries  mean_equator_strong_patches  mean_global_abs_br  mean_global_sector_boundaries  mean_global_strong_patches
 2.0             0.206486                        6.666667                     3.333333            0.173109                       5.333333                    3.000000
 2.5             0.080524                        4.333333                     2.833333            0.069976                       4.000000                    2.666667
 3.0             0.040793                        4.000000                     2.333333            0.035925                       4.000000                    2.666667

Track summary by CR:
 rss   cr  rows  occupied_10deg_bins  coverage_fraction_10deg  mean_speed_km_s  median_speed_km_s  mean_omni_bmag_nt  mean_ballistic_lon_deg  min_ballistic_lon_deg  max_ballistic_lon_deg  lag_mean_days  lag_min_days  lag_max_days  shift_mean_deg
 2.0 2281   643                   36                 1.000000       370.488336              377.0           5.853810              195.535627               0.228889             359.188766       4.724376      3.390025      6.353158       62.991676
 2.0 2283   629                   36                 1.000000       385.259141              377.0           6.569475              186.520746               0.786823             359.859488       4.507069      3.493590      5.661230       60.094251
 2.0 2284   646                   36                 1.000000       447.434985              394.0           7.469659              179.529968               0.907236             358.558092       4.094527      1.705122      5.462907       54.593699
 2.0 2286   598                   36                 1.000000       357.185619              348.0           6.257023              176.962607               0.400221             359.360605       4.904163      3.009391      6.648654       63.053518
 2.0 2287   634                   34                 0.944444       394.839117              390.0           8.355205              176.647806               0.821338             359.551637       4.415124      3.188388      5.661230       58.868318
 2.0 2290   671                   36                 1.000000       409.393443              406.0           7.505365              173.577177               0.339121             358.697641       4.273615      2.998868      5.624107       54.946482
 2.5 2281   643                   36                 1.000000       370.488336              377.0           5.853810              195.683472               0.421984             359.373871       4.713287      3.382068      6.338247       62.843830
 2.5 2283   629                   36                 1.000000       385.259141              377.0           6.569475              186.089454               0.022156             359.992046       4.496490      3.485390      5.647943       59.953206
 2.5 2284   646                   36                 1.000000       447.434985              394.0           7.469659              179.658102               1.033544             358.684697       4.084917      1.701120      5.450085       54.465565
 2.5 2286   598                   36                 1.000000       357.185619              348.0           6.257023              177.110598               0.557079             359.524934       4.892652      3.002327      6.633049       62.905528
 2.5 2287   634                   34                 0.944444       394.839117              390.0           8.355205              176.785973               0.958278             359.664175       4.404761      3.180905      5.647943       58.730150
 2.5 2290   671                   36                 1.000000       409.393443              406.0           7.505365              173.706140               0.460917             358.814488       4.263585      2.991830      5.610907       54.817519
 3.0 2281   643                   36                 1.000000       370.488336              377.0           5.853810              195.831318               0.615080             359.558977       4.702199      3.374112      6.323336       62.695985
 3.0 2283   629                   36                 1.000000       385.259141              377.0           6.569475              185.085825               0.107519             358.788732       4.485912      3.477191      5.634655       59.812161
 3.0 2284   646                   36                 1.000000       447.434985              394.0           7.469659              179.786237               1.159851             358.811302       4.075307      1.697118      5.437263       54.337430
 3.0 2286   598                   36                 1.000000       357.185619              348.0           6.257023              177.258588               0.713938             359.689262       4.881142      2.995264      6.617444       62.757537
 3.0 2287   634                   34                 0.944444       394.839117              390.0           8.355205              176.924141               1.095218             359.776713       4.394399      3.173421      5.634655       58.591982
 3.0 2290   671                   36                 1.000000       409.393443              406.0           7.505365              173.835103               0.582713             358.931336       4.253554      2.984791      5.597707       54.688556

Structure summary by CR:
 rss   cr  equator_abs_mean  equator_abs_std  equator_abs_max  equator_abs_peak_lon_deg  equator_strong_patch_count_p75  equator_sector_boundary_count  global_abs_mean  global_abs_std  global_abs_max  global_abs_peak_lon_deg  global_strong_patch_count_p75  global_sector_boundary_count
 2.0 2281          0.158629         0.127944         0.521826                      32.0                               3                              4         0.141967        0.069265        0.328221                     32.0                              2                             4
 2.0 2283          0.156211         0.104303         0.376189                      40.0                               3                              6         0.142062        0.069828        0.263314                    189.0                              3                             6
 2.0 2284          0.184408         0.126800         0.500933                      51.0                               3                              8         0.158823        0.061958        0.280729                     51.0                              3                             8
 2.0 2286          0.225798         0.127977         0.493927                     251.0                               4                              8         0.186478        0.069653        0.315383                    250.0                              4                             6
 2.0 2287          0.233298         0.149313         0.634668                     252.0                               4                              8         0.209705        0.081256        0.409298                    252.0                              3                             4
 2.0 2290          0.280574         0.195159         0.715492                     252.0                               3                              6         0.199617        0.092999        0.393208                    251.0                              3                             4
 2.5 2281          0.070124         0.052474         0.206585                      31.0                               2                              4         0.062670        0.031662        0.138679                     30.0                              2                             4
 2.5 2283          0.056807         0.041417         0.143223                      40.0                               3                              6         0.057548        0.028765        0.104453                    232.0                              3                             4
 2.5 2284          0.062848         0.044278         0.182553                      53.0                               3                              6         0.060343        0.021105        0.105193                     53.0                              3                             6
 2.5 2286          0.079334         0.046559         0.178034                     250.0                               4                              4         0.069814        0.026003        0.117293                    250.0                              3                             4
 2.5 2287          0.087557         0.057737         0.241973                     251.0                               3                              4         0.078001        0.035349        0.158450                    251.0                              3                             4
 2.5 2290          0.126474         0.076894         0.300121                     252.0                               2                              2         0.091477        0.042683        0.179147                    252.0                              2                             2
 3.0 2281          0.037571         0.027330         0.102175                      30.0                               2                              4         0.033650        0.017166        0.071436                     29.0                              2                             4
 3.0 2283          0.026988         0.020739         0.068099                      39.0                               2                              4         0.029328        0.014162        0.051884                    234.0                              3                             4
 3.0 2284          0.027999         0.021191         0.084016                      54.0                               2                              6         0.029076        0.009476        0.050284                     55.0                              3                             6
 3.0 2286          0.038515         0.020956         0.081495                     248.0                               4                              4         0.034182        0.011638        0.054727                    248.0                              3                             4
 3.0 2287          0.044187         0.029216         0.115589                     250.0                               2                              4         0.038018        0.019549        0.078766                    249.0                              3                             4
 3.0 2290          0.069497         0.037753         0.152238                     253.0                               2                              2         0.051297        0.023389        0.096293                    253.0                              2                             2